hit:156868
data:215594
accuracy:0.7276083750011596

hit:84419
data:215389
accuracy:0.39193737841765364